0 0.419204 0.845833 0.100703 0.145833
0 0.360070 0.746875 0.043326 0.110417
0 0.289813 0.614583 0.036300 0.108333
0 0.323770 0.686458 0.029274 0.093750
0 0.229508 0.655208 0.056206 0.110417
0 0.122365 0.736458 0.052693 0.081250
0 0.190867 0.952083 0.091335 0.095833
0 0.063817 0.755208 0.050351 0.118750
0 0.857143 0.668750 0.074941 0.125000
0 0.819087 0.882292 0.137002 0.172917
0 0.911007 0.422917 0.042155 0.066667
0 0.892857 0.501042 0.057377 0.085417
0 0.522834 0.623958 0.055035 0.068750
0 0.468384 0.585417 0.056206 0.079167
0 0.416276 0.544792 0.033958 0.081250
0 0.379391 0.512500 0.032787 0.050000
0 0.300937 0.635417 0.023419 0.100000
0 0.610070 0.351042 0.037471 0.052083
0 0.644028 0.364583 0.030445 0.050000
0 0.671546 0.466667 0.045667 0.079167
0 0.960187 0.401042 0.039813 0.127083
0 0.522248 0.757292 0.079625 0.127083
1 0.237705 0.786458 0.039813 0.143750
1 0.122951 0.870833 0.037471 0.116667
1 0.664520 0.746875 0.078454 0.147917
1 0.683841 0.891667 0.105386 0.141667
1 0.812061 0.701042 0.062061 0.106250
1 0.626464 0.616667 0.051522 0.100000
1 0.684426 0.578125 0.057377 0.093750
1 0.580211 0.432292 0.038642 0.060417
1 0.612412 0.437500 0.037471 0.054167
1 0.625293 0.489583 0.035129 0.079167
1 0.573185 0.467708 0.038642 0.052083
1 0.508782 0.447917 0.029274 0.033333
1 0.479508 0.433333 0.036300 0.033333
1 0.847775 0.463542 0.042155 0.102083
1 0.949649 0.497917 0.053864 0.095833
0 0.415105 0.464583 0.043326 0.054167
0 0.817916 0.566667 0.038642 0.116667
0 0.926815 0.619792 0.066745 0.106250
1 0.611241 0.962500 0.107728 0.075000
0 0.704918 0.383333 0.044496 0.050000
0 0.545082 0.455208 0.031616 0.052083
