1 0.421546 0.560417 0.037471 0.062500
1 0.666276 0.742708 0.074941 0.181250
1 0.682670 0.895833 0.114754 0.158333
1 0.609485 0.963542 0.104215 0.072917
1 0.847190 0.460417 0.052693 0.104167
1 0.943794 0.501042 0.058548 0.102083
1 0.237705 0.779167 0.049180 0.137500
1 0.412763 0.473958 0.033958 0.072917
1 0.531616 0.426042 0.042155 0.060417
1 0.578454 0.432292 0.039813 0.064583
1 0.506440 0.443750 0.026932 0.033333
1 0.539227 0.460417 0.024590 0.033333
1 0.575527 0.475000 0.036300 0.045833
1 0.466628 0.437500 0.043326 0.041667
1 0.625293 0.611458 0.051522 0.093750
1 0.444965 0.512500 0.032787 0.054167
0 0.288642 0.606250 0.036300 0.100000
0 0.305035 0.630208 0.038642 0.089583
0 0.323185 0.665625 0.039813 0.106250
0 0.522834 0.654167 0.064403 0.108333
0 0.464286 0.592708 0.062061 0.064583
0 0.223653 0.661458 0.058548 0.085417
0 0.062061 0.792708 0.046838 0.102083
0 0.185012 0.945833 0.107728 0.108333
0 0.118852 0.784375 0.045667 0.085417
0 0.118852 0.705208 0.048009 0.085417
0 0.167447 0.630208 0.053864 0.060417
0 0.620609 0.478125 0.056206 0.072917
0 0.741218 0.482292 0.063232 0.081250
0 0.610070 0.356250 0.037471 0.054167
0 0.637002 0.361458 0.037471 0.060417
0 0.705504 0.379167 0.048009 0.070833
0 0.858314 0.654167 0.065574 0.125000
0 0.827869 0.865625 0.107728 0.168750
0 0.891686 0.500000 0.057377 0.083333
0 0.912178 0.446875 0.053864 0.085417
0 0.881148 0.382292 0.038642 0.097917
0 0.961944 0.414583 0.043326 0.120833
0 0.371194 0.750000 0.070258 0.125000
0 0.389344 0.535417 0.031616 0.062500
0 0.508197 0.766667 0.077283 0.108333
0 0.418618 0.834375 0.092506 0.118750
0 0.526347 0.584375 0.069087 0.102083
1 0.483021 0.542708 0.040984 0.052083
1 0.804450 0.680208 0.079625 0.077083
