0 0.814403 0.880208 0.108899 0.122917
0 0.857728 0.677083 0.071429 0.129167
0 0.746487 0.476042 0.050351 0.085417
0 0.223653 0.658333 0.063232 0.083333
0 0.118852 0.783333 0.043326 0.087500
0 0.427986 0.816667 0.078454 0.129167
0 0.287471 0.621875 0.033958 0.089583
0 0.310304 0.653125 0.030445 0.093750
0 0.326698 0.688542 0.030445 0.097917
0 0.355386 0.759375 0.040984 0.102083
0 0.127049 0.719792 0.045667 0.052083
0 0.163349 0.636458 0.043326 0.060417
0 0.064988 0.800000 0.052693 0.108333
0 0.814988 0.571875 0.039813 0.110417
0 0.927986 0.622917 0.045667 0.116667
0 0.547424 0.451042 0.040984 0.068750
0 0.416862 0.465625 0.044496 0.052083
0 0.516393 0.681250 0.058548 0.091667
0 0.411593 0.557292 0.040984 0.060417
0 0.460187 0.594792 0.042155 0.064583
1 0.620023 0.613542 0.071429 0.093750
1 0.669789 0.742708 0.070258 0.160417
1 0.686768 0.894792 0.113583 0.127083
1 0.505855 0.439583 0.025761 0.033333
1 0.846604 0.460417 0.049180 0.100000
1 0.941452 0.504167 0.063232 0.108333
1 0.580211 0.437500 0.040984 0.075000
1 0.237119 0.785417 0.050351 0.129167
1 0.140515 0.891667 0.065574 0.137500
0 0.530445 0.752083 0.060890 0.133333
