0 0.287471 0.613542 0.040984 0.089583
0 0.307963 0.643750 0.032787 0.083333
0 0.323770 0.689583 0.036300 0.095833
0 0.359485 0.752083 0.049180 0.125000
0 0.419789 0.809375 0.094848 0.131250
0 0.392857 0.532292 0.040984 0.056250
0 0.223068 0.661458 0.064403 0.077083
0 0.120023 0.772917 0.048009 0.108333
0 0.196721 0.963542 0.117096 0.072917
0 0.745316 0.477083 0.052693 0.091667
0 0.827869 0.869792 0.110070 0.172917
0 0.466042 0.578125 0.056206 0.060417
0 0.524005 0.628125 0.069087 0.097917
0 0.525176 0.763542 0.071429 0.114583
0 0.666862 0.472917 0.052693 0.083333
0 0.854215 0.657292 0.078454 0.085417
0 0.893443 0.509375 0.060890 0.077083
0 0.912178 0.442708 0.051522 0.077083
0 0.880562 0.384375 0.032787 0.122917
0 0.963700 0.409375 0.049180 0.135417
0 0.703162 0.384375 0.048009 0.052083
0 0.606557 0.352083 0.037471 0.045833
0 0.640515 0.359375 0.044496 0.052083
1 0.507026 0.446875 0.025761 0.031250
1 0.537471 0.458333 0.028103 0.037500
1 0.530445 0.419792 0.044496 0.056250
1 0.576112 0.472917 0.030445 0.045833
1 0.577869 0.433333 0.033958 0.058333
1 0.617681 0.450000 0.036300 0.066667
1 0.680328 0.582292 0.065574 0.106250
1 0.619438 0.620833 0.060890 0.100000
1 0.659251 0.738542 0.046838 0.152083
1 0.686768 0.896875 0.115925 0.131250
1 0.608899 0.967708 0.103044 0.064583
1 0.238290 0.787500 0.043326 0.137500
0 0.059133 0.787500 0.057377 0.120833
0 0.057377 0.943750 0.056206 0.112500
1 0.130562 0.878125 0.038642 0.114583
1 0.808548 0.671875 0.071429 0.072917
1 0.422717 0.560417 0.032787 0.054167
1 0.326698 0.519792 0.044496 0.039583
1 0.844262 0.461458 0.044496 0.097917
1 0.944965 0.504167 0.049180 0.095833
1 0.415105 0.480208 0.036300 0.060417
1 0.625293 0.492708 0.037471 0.060417
