1 0.420960 0.563542 0.036300 0.064583
1 0.413934 0.480208 0.033958 0.072917
1 0.466628 0.430208 0.038642 0.027083
1 0.506440 0.445833 0.026932 0.037500
1 0.537471 0.456250 0.028103 0.033333
1 0.622365 0.615625 0.062061 0.102083
1 0.682084 0.571875 0.069087 0.081250
1 0.663934 0.738542 0.058548 0.160417
1 0.683841 0.888542 0.114754 0.143750
1 0.812646 0.670833 0.065574 0.062500
1 0.842506 0.457292 0.033958 0.106250
1 0.943208 0.500000 0.048009 0.100000
1 0.238876 0.784375 0.042155 0.131250
1 0.124707 0.884375 0.033958 0.118750
1 0.576698 0.426042 0.036300 0.056250
1 0.607728 0.959375 0.110070 0.081250
0 0.287471 0.606250 0.040984 0.091667
0 0.300937 0.630208 0.030445 0.085417
0 0.324941 0.676042 0.040984 0.097917
0 0.360070 0.730208 0.050351 0.097917
0 0.419789 0.807292 0.092506 0.135417
0 0.855972 0.653125 0.074941 0.089583
0 0.227166 0.653125 0.049180 0.097917
0 0.061475 0.790625 0.045667 0.102083
0 0.119438 0.769792 0.037471 0.068750
0 0.168618 0.633333 0.049180 0.054167
0 0.745316 0.469792 0.048009 0.097917
0 0.662178 0.466667 0.055035 0.070833
0 0.607143 0.354167 0.038642 0.045833
0 0.640515 0.365625 0.042155 0.047917
0 0.705504 0.388542 0.050351 0.052083
0 0.524590 0.753125 0.081967 0.110417
0 0.516393 0.646875 0.058548 0.072917
0 0.465457 0.589583 0.050351 0.075000
0 0.387002 0.522917 0.050351 0.070833
0 0.538642 0.600000 0.070258 0.079167
0 0.817330 0.565625 0.039813 0.114583
0 0.927400 0.617708 0.053864 0.118750
0 0.909251 0.442708 0.045667 0.068750
0 0.891686 0.498958 0.057377 0.077083
0 0.623536 0.488542 0.055035 0.068750
