0 0.521663 0.633333 0.057377 0.095833
0 0.363583 0.751042 0.043326 0.106250
0 0.418033 0.814583 0.088993 0.158333
0 0.826112 0.864583 0.129977 0.154167
0 0.857143 0.657292 0.070258 0.143750
0 0.908665 0.432292 0.044496 0.097917
0 0.884660 0.380208 0.029274 0.127083
0 0.965457 0.404167 0.036300 0.145833
0 0.287471 0.605208 0.040984 0.106250
0 0.306206 0.646875 0.040984 0.127083
0 0.328454 0.669792 0.033958 0.097917
0 0.383489 0.522917 0.036300 0.070833
0 0.411007 0.541667 0.051522 0.087500
0 0.459016 0.587500 0.060890 0.108333
0 0.118852 0.730208 0.048009 0.114583
0 0.225410 0.644792 0.069087 0.110417
0 0.669204 0.466667 0.048009 0.112500
0 0.744731 0.490625 0.049180 0.110417
0 0.604801 0.351042 0.040984 0.056250
0 0.641101 0.361458 0.043326 0.064583
0 0.704918 0.385417 0.042155 0.058333
0 0.621780 0.490625 0.044496 0.081250
0 0.545667 0.460417 0.037471 0.062500
0 0.818501 0.573958 0.042155 0.131250
0 0.926815 0.619792 0.055035 0.135417
1 0.621780 0.629167 0.067916 0.075000
1 0.680328 0.588542 0.067916 0.081250
1 0.665105 0.750000 0.056206 0.150000
1 0.681499 0.901042 0.096019 0.127083
1 0.505269 0.445833 0.024590 0.037500
1 0.577283 0.472917 0.030445 0.058333
1 0.244731 0.803125 0.065574 0.127083
1 0.848361 0.459375 0.045667 0.102083
1 0.943208 0.503125 0.062061 0.085417
1 0.813817 0.681250 0.074941 0.087500
1 0.201405 0.930208 0.074941 0.106250
1 0.606557 0.951042 0.128806 0.097917
0 0.413349 0.464583 0.039813 0.054167
