1 0.665105 0.751042 0.070258 0.164583
1 0.685597 0.898958 0.104215 0.127083
1 0.621780 0.621875 0.056206 0.102083
1 0.844848 0.465625 0.040984 0.106250
1 0.944379 0.501042 0.052693 0.102083
1 0.579040 0.419792 0.036300 0.047917
1 0.797424 0.670833 0.051522 0.083333
0 0.419789 0.829167 0.101874 0.125000
0 0.520492 0.761458 0.080796 0.122917
0 0.743560 0.489583 0.056206 0.112500
0 0.670960 0.475000 0.051522 0.087500
0 0.515808 0.435417 0.045667 0.070833
0 0.670960 0.572917 0.042155 0.108333
0 0.819087 0.569792 0.036300 0.122917
0 0.921546 0.629167 0.049180 0.120833
0 0.890515 0.488542 0.050351 0.064583
0 0.904567 0.440625 0.045667 0.072917
0 0.960187 0.414583 0.049180 0.087500
0 0.062646 0.793750 0.043326 0.116667
0 0.118852 0.779167 0.045667 0.112500
0 0.227166 0.653125 0.051522 0.106250
