1 0.624707 0.628125 0.057377 0.122917
1 0.691452 0.895833 0.115925 0.150000
1 0.668033 0.731250 0.071429 0.158333
1 0.807963 0.701042 0.072600 0.131250
1 0.846604 0.463542 0.046838 0.102083
1 0.416862 0.450000 0.042155 0.050000
1 0.517564 0.437500 0.030445 0.045833
1 0.069672 0.781250 0.033958 0.116667
1 0.126464 0.870833 0.037471 0.120833
0 0.668618 0.567708 0.049180 0.114583
0 0.744145 0.493750 0.057377 0.112500
0 0.420960 0.840625 0.108899 0.135417
0 0.522248 0.769792 0.081967 0.135417
0 0.277518 0.635417 0.032787 0.100000
0 0.361827 0.754167 0.039813 0.120833
0 0.253513 0.787500 0.052693 0.175000
0 0.233021 0.645833 0.039813 0.095833
0 0.668033 0.470833 0.048009 0.075000
0 0.816745 0.565625 0.038642 0.122917
0 0.830211 0.870833 0.126464 0.166667
0 0.921546 0.632292 0.072600 0.097917
0 0.895199 0.509375 0.048009 0.077083
0 0.875878 0.386458 0.035129 0.102083
0 0.961358 0.420833 0.044496 0.087500
1 0.944965 0.516667 0.056206 0.079167
0 0.323185 0.702083 0.037471 0.125000
0 0.612998 0.359375 0.045667 0.056250
1 0.649883 0.370833 0.032787 0.045833
0 0.429157 0.532292 0.036300 0.085417
0 0.572600 0.461458 0.039813 0.060417
0 0.464871 0.528125 0.042155 0.068750
