1 0.667447 0.745833 0.067916 0.170833
1 0.688525 0.891667 0.110070 0.133333
1 0.846604 0.459375 0.042155 0.102083
1 0.621780 0.617708 0.058548 0.097917
1 0.206089 0.931250 0.084309 0.112500
1 0.125878 0.872917 0.031616 0.116667
1 0.578454 0.428125 0.035129 0.060417
0 0.413349 0.827083 0.098361 0.087500
0 0.286300 0.630208 0.031616 0.097917
0 0.363583 0.756250 0.045667 0.100000
0 0.332553 0.702083 0.049180 0.087500
0 0.306206 0.656250 0.026932 0.087500
0 0.519906 0.761458 0.074941 0.102083
0 0.670375 0.557292 0.038642 0.085417
0 0.819087 0.560417 0.040984 0.120833
0 0.924473 0.617708 0.059719 0.131250
0 0.744731 0.478125 0.056206 0.081250
0 0.668033 0.482292 0.052693 0.072917
0 0.891101 0.507292 0.058548 0.072917
0 0.908665 0.439583 0.044496 0.070833
0 0.873536 0.385417 0.028103 0.112500
0 0.964871 0.415625 0.046838 0.097917
0 0.240632 0.791667 0.043326 0.133333
0 0.228923 0.702083 0.036300 0.129167
0 0.068501 0.792708 0.048009 0.106250
0 0.114169 0.767708 0.048009 0.093750
1 0.500585 0.532292 0.066745 0.052083
1 0.857143 0.665625 0.067916 0.081250
