1 0.669204 0.751042 0.071429 0.181250
1 0.692037 0.898958 0.114754 0.152083
1 0.818501 0.908333 0.128806 0.125000
1 0.841920 0.462500 0.035129 0.116667
1 0.946721 0.504167 0.048009 0.100000
1 0.922717 0.626042 0.077283 0.110417
1 0.621780 0.616667 0.063232 0.112500
1 0.381148 0.526042 0.029274 0.047917
0 0.518150 0.769792 0.080796 0.131250
0 0.669789 0.562500 0.053864 0.100000
0 0.816159 0.566667 0.056206 0.133333
0 0.832553 0.752083 0.086651 0.187500
0 0.422131 0.825000 0.104215 0.104167
0 0.230679 0.653125 0.044496 0.102083
0 0.253513 0.793750 0.057377 0.145833
0 0.203162 0.942708 0.078454 0.114583
0 0.121194 0.743750 0.048009 0.087500
1 0.124707 0.788542 0.038642 0.081250
1 0.127635 0.885417 0.035129 0.145833
0 0.741218 0.485417 0.056206 0.087500
0 0.897541 0.504167 0.057377 0.091667
0 0.881148 0.391667 0.029274 0.095833
0 0.958431 0.425000 0.052693 0.083333
0 0.625293 0.485417 0.053864 0.050000
0 0.355386 0.769792 0.045667 0.160417
0 0.524590 0.647917 0.070258 0.112500
0 0.664520 0.476042 0.055035 0.081250
1 0.579040 0.416667 0.031616 0.045833
1 0.851874 0.665625 0.062061 0.085417
1 0.314403 0.538542 0.040984 0.043750
1 0.299766 0.606250 0.032787 0.083333
1 0.402225 0.543750 0.031616 0.062500
1 0.416862 0.456250 0.042155 0.045833
