1 0.666276 0.752083 0.072600 0.191667
1 0.690867 0.900000 0.114754 0.158333
1 0.819087 0.920833 0.120609 0.141667
0 0.802693 0.708333 0.090164 0.100000
0 0.518735 0.763542 0.081967 0.118750
0 0.814988 0.562500 0.058548 0.137500
0 0.741803 0.485417 0.052693 0.087500
0 0.296838 0.641667 0.033958 0.145833
0 0.422717 0.852083 0.105386 0.162500
0 0.349532 0.769792 0.045667 0.118750
0 0.322600 0.694792 0.036300 0.122917
0 0.662763 0.561458 0.058548 0.102083
0 0.252927 0.797917 0.051522 0.175000
0 0.122365 0.748958 0.045667 0.089583
0 0.072600 0.925000 0.070258 0.150000
0 0.876464 0.394792 0.024590 0.106250
0 0.911007 0.446875 0.046838 0.093750
0 0.960187 0.429167 0.049180 0.091667
0 0.668033 0.476042 0.048009 0.072917
0 0.428571 0.538542 0.025761 0.102083
0 0.472482 0.588542 0.036300 0.089583
0 0.528103 0.663542 0.067916 0.160417
1 0.127049 0.886458 0.036300 0.139583
1 0.066159 0.788542 0.036300 0.118750
1 0.313232 0.533333 0.050351 0.054167
1 0.618267 0.635417 0.067916 0.133333
1 0.607143 0.359375 0.031616 0.039583
1 0.580211 0.420833 0.031616 0.045833
1 0.841920 0.463542 0.039813 0.118750
1 0.944965 0.512500 0.049180 0.116667
1 0.925059 0.620833 0.079625 0.108333
0 0.892272 0.500000 0.070258 0.108333
0 0.621194 0.484375 0.055035 0.064583
0 0.414520 0.481250 0.030445 0.112500
