1 0.663349 0.744792 0.076112 0.172917
1 0.817330 0.915625 0.124122 0.118750
1 0.690867 0.894792 0.117096 0.131250
1 0.827283 0.582292 0.057377 0.139583
1 0.924473 0.625000 0.073770 0.116667
1 0.847190 0.458333 0.048009 0.112500
1 0.944965 0.506250 0.058548 0.104167
1 0.854215 0.668750 0.064403 0.083333
1 0.894028 0.508333 0.048009 0.083333
1 0.620023 0.617708 0.064403 0.110417
1 0.417447 0.453125 0.040984 0.043750
1 0.607728 0.359375 0.025761 0.035417
0 0.282201 0.653125 0.035129 0.122917
0 0.422131 0.851042 0.101874 0.143750
0 0.518735 0.784375 0.079625 0.160417
0 0.671546 0.579167 0.048009 0.137500
0 0.824356 0.771875 0.086651 0.152083
0 0.741803 0.497917 0.052693 0.112500
0 0.664520 0.471875 0.052693 0.077083
0 0.256440 0.809375 0.060890 0.193750
0 0.512295 0.558333 0.045667 0.058333
0 0.379977 0.525000 0.038642 0.066667
0 0.877635 0.384375 0.026932 0.110417
0 0.908080 0.443750 0.045667 0.083333
0 0.960773 0.418750 0.050351 0.070833
1 0.446136 0.527083 0.030445 0.062500
0 0.572014 0.466667 0.045667 0.054167
0 0.202576 0.931250 0.074941 0.108333
1 0.124707 0.871875 0.033958 0.106250
1 0.120023 0.786458 0.043326 0.077083
