1 0.666276 0.751042 0.072600 0.193750
1 0.690867 0.896875 0.112412 0.160417
1 0.820258 0.912500 0.132319 0.141667
1 0.826112 0.572917 0.059719 0.150000
1 0.847775 0.462500 0.044496 0.116667
1 0.941452 0.512500 0.051522 0.116667
1 0.922717 0.628125 0.077283 0.114583
1 0.851874 0.681250 0.066745 0.129167
1 0.120609 0.744792 0.042155 0.064583
1 0.122365 0.788542 0.038642 0.085417
1 0.131733 0.885417 0.043326 0.129167
1 0.628806 0.637500 0.053864 0.150000
1 0.605972 0.359375 0.026932 0.035417
1 0.579040 0.414583 0.031616 0.041667
0 0.744145 0.471875 0.050351 0.102083
0 0.823185 0.750000 0.088993 0.183333
0 0.531030 0.763542 0.050351 0.127083
0 0.281030 0.637500 0.035129 0.116667
0 0.665105 0.479167 0.056206 0.087500
0 0.911007 0.442708 0.046838 0.089583
0 0.875878 0.381250 0.032787 0.120833
0 0.960773 0.411458 0.055035 0.110417
0 0.233607 0.654167 0.036300 0.095833
0 0.624122 0.480208 0.044496 0.068750
0 0.515222 0.638542 0.072600 0.077083
