1 0.668618 0.745833 0.070258 0.179167
1 0.690281 0.897917 0.118267 0.141667
1 0.816745 0.916667 0.129977 0.120833
1 0.844262 0.457292 0.039813 0.106250
1 0.925644 0.626042 0.076112 0.085417
1 0.854215 0.664583 0.064403 0.087500
1 0.618267 0.616667 0.067916 0.108333
0 0.813817 0.561458 0.051522 0.147917
0 0.891101 0.504167 0.070258 0.087500
0 0.417447 0.816667 0.099532 0.100000
0 0.518735 0.773958 0.079625 0.139583
0 0.254684 0.803125 0.048009 0.160417
0 0.118852 0.737500 0.040984 0.095833
0 0.297424 0.617708 0.042155 0.114583
0 0.663934 0.473958 0.049180 0.093750
0 0.743560 0.477083 0.049180 0.079167
0 0.825527 0.753125 0.100703 0.193750
0 0.908665 0.430208 0.044496 0.064583
0 0.878220 0.386458 0.023419 0.114583
0 0.961944 0.416667 0.050351 0.087500
0 0.662763 0.561458 0.060890 0.089583
0 0.380562 0.522917 0.030445 0.045833
0 0.347775 0.772917 0.039813 0.141667
0 0.203747 0.935417 0.079625 0.129167
0 0.614169 0.951042 0.118267 0.097917
0 0.427400 0.530208 0.028103 0.110417
0 0.525176 0.650000 0.066745 0.125000
0 0.622365 0.484375 0.050351 0.068750
0 0.067330 0.926042 0.064403 0.147917
1 0.314403 0.536458 0.043326 0.056250
1 0.136417 0.878125 0.052693 0.122917
1 0.070258 0.788542 0.032787 0.110417
1 0.606557 0.360417 0.028103 0.037500
1 0.638759 0.375000 0.029274 0.033333
0 0.227166 0.663542 0.056206 0.093750
0 0.703162 0.380208 0.048009 0.047917
