1 0.621194 0.638542 0.073770 0.147917
1 0.668033 0.748958 0.059719 0.181250
1 0.687354 0.891667 0.105386 0.125000
1 0.847775 0.466667 0.044496 0.104167
1 0.941452 0.525000 0.046838 0.075000
1 0.680328 0.361458 0.028103 0.052083
1 0.785714 0.685417 0.051522 0.104167
0 0.528689 0.802083 0.090164 0.208333
0 0.817916 0.573958 0.045667 0.139583
0 0.923302 0.671875 0.076112 0.202083
0 0.857728 0.696875 0.064403 0.147917
0 0.893443 0.503125 0.046838 0.093750
0 0.877635 0.384375 0.033958 0.122917
0 0.282787 0.657292 0.038642 0.172917
0 0.422717 0.840625 0.117096 0.160417
0 0.266393 0.814583 0.071429 0.208333
0 0.234778 0.651042 0.045667 0.118750
0 0.744731 0.504167 0.063232 0.145833
0 0.325527 0.713542 0.042155 0.160417
0 0.825527 0.894792 0.133489 0.210417
0 0.674473 0.583333 0.042155 0.158333
0 0.669789 0.472917 0.053864 0.079167
0 0.074356 0.839583 0.057377 0.145833
0 0.355386 0.760417 0.031616 0.162500
0 0.523419 0.661458 0.070258 0.102083
0 0.454918 0.544792 0.036300 0.127083
0 0.953747 0.407292 0.059719 0.147917
