1 0.519321 0.761458 0.078454 0.118750
1 0.668618 0.740625 0.086651 0.172917
1 0.693208 0.901042 0.112412 0.131250
1 0.816159 0.917708 0.114754 0.135417
1 0.634660 0.945833 0.091335 0.108333
1 0.314988 0.534375 0.044496 0.056250
1 0.409251 0.463542 0.040984 0.064583
1 0.894614 0.513542 0.046838 0.072917
1 0.923302 0.622917 0.076112 0.104167
1 0.877049 0.707292 0.086651 0.089583
1 0.064988 0.793750 0.033958 0.112500
1 0.546838 0.610417 0.070258 0.100000
1 0.945550 0.503125 0.052693 0.085417
1 0.531030 0.429167 0.033958 0.058333
1 0.383489 0.528125 0.031616 0.043750
1 0.399883 0.548958 0.033958 0.047917
1 0.666862 0.372917 0.026932 0.037500
1 0.073185 0.847917 0.038642 0.083333
0 0.248244 0.785417 0.056206 0.137500
0 0.468970 0.567708 0.040984 0.064583
0 0.671546 0.485417 0.052693 0.075000
0 0.820258 0.571875 0.062061 0.110417
0 0.878806 0.390625 0.026932 0.085417
0 0.960187 0.420833 0.044496 0.075000
0 0.908665 0.440625 0.044496 0.068750
0 0.670960 0.564583 0.035129 0.083333
0 0.791569 0.697917 0.081967 0.087500
0 0.290984 0.616667 0.029274 0.091667
0 0.206674 0.935417 0.080796 0.120833
0 0.600703 0.361458 0.042155 0.031250
0 0.328454 0.657292 0.029274 0.102083
0 0.382904 0.727083 0.072600 0.083333
0 0.508782 0.575000 0.043326 0.079167
0 0.430913 0.542708 0.032787 0.081250
