1 0.669789 0.737500 0.079625 0.166667
1 0.692037 0.896875 0.112412 0.139583
1 0.634660 0.944792 0.107728 0.110417
1 0.519906 0.762500 0.077283 0.116667
1 0.313817 0.537500 0.042155 0.058333
1 0.410422 0.850000 0.097190 0.108333
1 0.815574 0.914583 0.122951 0.145833
1 0.618267 0.617708 0.070258 0.097917
1 0.838993 0.461458 0.031616 0.106250
1 0.944965 0.507292 0.056206 0.089583
1 0.060304 0.789583 0.031616 0.120833
1 0.127049 0.880208 0.033958 0.122917
1 0.410422 0.465625 0.038642 0.072917
0 0.251756 0.787500 0.060890 0.129167
0 0.296838 0.621875 0.029274 0.093750
0 0.383489 0.754167 0.078454 0.100000
0 0.662763 0.566667 0.058548 0.095833
0 0.813817 0.558333 0.049180 0.125000
0 0.741218 0.486458 0.056206 0.077083
0 0.122365 0.786458 0.033958 0.085417
0 0.233021 0.655208 0.044496 0.097917
0 0.666862 0.478125 0.052693 0.077083
0 0.621194 0.487500 0.052693 0.054167
0 0.346019 0.669792 0.040984 0.068750
0 0.322014 0.626042 0.039813 0.072917
1 0.525761 0.666667 0.035129 0.120833
1 0.545667 0.607292 0.042155 0.093750
1 0.665105 0.372917 0.028103 0.037500
0 0.792155 0.695833 0.080796 0.079167
0 0.872365 0.708333 0.091335 0.116667
0 0.877049 0.377083 0.028103 0.083333
0 0.960187 0.418750 0.044496 0.083333
0 0.909251 0.441667 0.043326 0.075000
0 0.884075 0.502083 0.070258 0.070833
