1 0.122365 0.746875 0.050351 0.068750
1 0.121780 0.790625 0.049180 0.085417
1 0.131148 0.873958 0.046838 0.106250
1 0.236534 0.785417 0.044496 0.129167
1 0.227166 0.708333 0.039813 0.104167
1 0.666862 0.745833 0.073770 0.170833
1 0.691452 0.902083 0.118267 0.154167
1 0.803864 0.726042 0.087822 0.172917
1 0.833724 0.885417 0.131148 0.154167
1 0.942623 0.500000 0.060890 0.112500
1 0.847190 0.456250 0.057377 0.116667
1 0.330211 0.647917 0.058548 0.070833
1 0.358899 0.690625 0.073770 0.077083
1 0.425059 0.811458 0.105386 0.097917
1 0.505269 0.765625 0.080796 0.127083
1 0.325527 0.528125 0.053864 0.047917
0 0.291569 0.586458 0.072600 0.147917
0 0.193794 0.923958 0.120609 0.152083
1 0.057963 0.801042 0.043326 0.122917
1 0.423302 0.562500 0.033958 0.070833
0 0.392272 0.533333 0.039813 0.066667
1 0.577283 0.475000 0.030445 0.041667
1 0.561475 0.453125 0.029274 0.060417
1 0.623536 0.618750 0.066745 0.087500
1 0.681499 0.567708 0.063232 0.093750
0 0.667447 0.476042 0.051522 0.097917
0 0.737119 0.459375 0.055035 0.093750
0 0.517564 0.433333 0.049180 0.075000
0 0.644028 0.365625 0.042155 0.056250
0 0.611241 0.352083 0.042155 0.062500
0 0.435012 0.492708 0.033958 0.135417
0 0.475995 0.512500 0.059719 0.154167
0 0.544496 0.571875 0.067916 0.122917
1 0.495902 0.563542 0.045667 0.106250
1 0.894028 0.508333 0.052693 0.087500
1 0.929742 0.618750 0.065574 0.133333
1 0.846019 0.671875 0.071429 0.122917
1 0.824941 0.571875 0.073770 0.135417
1 0.526932 0.677083 0.065574 0.145833
0 0.485363 0.603125 0.048009 0.097917
0 0.618852 0.473958 0.050351 0.102083
1 0.581382 0.425000 0.043326 0.070833
0 0.218970 0.652083 0.065574 0.108333
0 0.158080 0.631250 0.053864 0.079167
0 0.909836 0.416667 0.042155 0.125000
0 0.888173 0.370833 0.040984 0.133333
0 0.954333 0.390625 0.051522 0.147917
0 0.703747 0.378125 0.044496 0.064583
0 0.370609 0.741667 0.085480 0.095833
