0 0.744731 0.495833 0.051522 0.095833
0 0.815574 0.565625 0.052693 0.143750
0 0.875293 0.387500 0.022248 0.095833
0 0.961358 0.422917 0.053864 0.091667
0 0.907494 0.446875 0.053864 0.081250
0 0.425059 0.845833 0.105386 0.154167
0 0.253513 0.801042 0.066745 0.168750
0 0.060304 0.926042 0.064403 0.147917
0 0.236534 0.647917 0.037471 0.112500
0 0.295667 0.617708 0.043326 0.114583
0 0.518150 0.771875 0.078454 0.139583
0 0.664520 0.558333 0.057377 0.100000
0 0.670960 0.478125 0.044496 0.077083
0 0.891686 0.498958 0.071429 0.097917
1 0.668618 0.754167 0.077283 0.195833
1 0.813232 0.713542 0.062061 0.168750
1 0.689696 0.893750 0.117096 0.150000
1 0.823185 0.911458 0.133489 0.152083
1 0.627635 0.956250 0.100703 0.087500
1 0.620023 0.622917 0.071429 0.116667
1 0.315574 0.535417 0.048009 0.054167
1 0.124122 0.875000 0.035129 0.108333
1 0.063817 0.785417 0.038642 0.137500
1 0.841920 0.459375 0.032787 0.110417
1 0.943794 0.520833 0.058548 0.108333
1 0.851874 0.689583 0.062061 0.145833
1 0.922131 0.628125 0.078454 0.106250
1 0.607143 0.359375 0.033958 0.047917
0 0.520492 0.642708 0.073770 0.106250
0 0.327283 0.686458 0.033958 0.106250
0 0.121780 0.746875 0.044496 0.085417
0 0.202576 0.942708 0.072600 0.114583
0 0.656909 0.365625 0.046838 0.052083
1 0.401639 0.546875 0.037471 0.060417
0 0.418033 0.462500 0.032787 0.108333
0 0.448478 0.556250 0.030445 0.108333
0 0.569087 0.462500 0.051522 0.062500
