1 0.666862 0.748958 0.073770 0.197917
1 0.693208 0.901042 0.114754 0.156250
1 0.821429 0.903125 0.125293 0.152083
1 0.843677 0.463542 0.038642 0.110417
1 0.944965 0.500000 0.058548 0.095833
1 0.925644 0.622917 0.080796 0.120833
1 0.860070 0.695833 0.062061 0.125000
1 0.616511 0.622917 0.073770 0.104167
1 0.316159 0.539583 0.049180 0.045833
1 0.608899 0.362500 0.032787 0.041667
1 0.066159 0.789583 0.036300 0.120833
1 0.127635 0.875000 0.035129 0.116667
1 0.123536 0.789583 0.043326 0.075000
0 0.421546 0.845833 0.103044 0.158333
0 0.295667 0.630208 0.038642 0.131250
0 0.351874 0.786458 0.048009 0.131250
0 0.519906 0.768750 0.077283 0.129167
0 0.803279 0.711458 0.084309 0.093750
0 0.665691 0.558333 0.057377 0.091667
0 0.813817 0.559375 0.053864 0.131250
0 0.744145 0.484375 0.057377 0.089583
0 0.670375 0.478125 0.048009 0.081250
0 0.875293 0.381250 0.024590 0.091667
0 0.892857 0.502083 0.059719 0.083333
0 0.526347 0.646875 0.062061 0.114583
0 0.631733 0.492708 0.050351 0.068750
0 0.577283 0.465625 0.058548 0.068750
0 0.250585 0.792708 0.058548 0.156250
0 0.230094 0.659375 0.048009 0.110417
0 0.123536 0.745833 0.045667 0.083333
0 0.204918 0.935417 0.079625 0.125000
0 0.071429 0.931250 0.077283 0.137500
0 0.427986 0.540625 0.033958 0.110417
0 0.957845 0.420833 0.056206 0.091667
0 0.906909 0.429167 0.059719 0.058333
