1 0.618267 0.629167 0.070258 0.120833
1 0.670960 0.748958 0.074941 0.185417
1 0.691452 0.903125 0.113583 0.152083
1 0.813817 0.720833 0.067916 0.187500
1 0.821429 0.907292 0.129977 0.147917
1 0.844262 0.466667 0.032787 0.120833
1 0.947307 0.503125 0.051522 0.102083
1 0.924473 0.627083 0.078454 0.112500
1 0.851874 0.689583 0.062061 0.137500
1 0.629391 0.488542 0.038642 0.068750
1 0.611241 0.436458 0.032787 0.043750
1 0.624707 0.954167 0.097190 0.091667
1 0.063232 0.789583 0.032787 0.125000
1 0.083138 0.834375 0.028103 0.118750
1 0.128806 0.881250 0.039813 0.137500
1 0.122951 0.783333 0.037471 0.075000
1 0.313232 0.534375 0.043326 0.064583
0 0.744731 0.480208 0.053864 0.089583
0 0.518150 0.771875 0.080796 0.135417
0 0.421546 0.838542 0.103044 0.131250
0 0.298009 0.637500 0.038642 0.158333
0 0.247658 0.803125 0.071429 0.168750
0 0.227752 0.647917 0.052693 0.112500
0 0.204333 0.927083 0.078454 0.125000
0 0.525176 0.651042 0.071429 0.114583
0 0.664520 0.562500 0.059719 0.100000
0 0.811475 0.555208 0.058548 0.147917
0 0.891686 0.503125 0.064403 0.097917
0 0.879977 0.385417 0.029274 0.112500
0 0.963700 0.411458 0.051522 0.097917
0 0.912178 0.431250 0.051522 0.066667
0 0.578454 0.462500 0.053864 0.075000
0 0.666276 0.472917 0.044496 0.091667
0 0.351288 0.758333 0.046838 0.125000
0 0.426815 0.537500 0.031616 0.100000
0 0.416276 0.471875 0.033958 0.081250
0 0.480679 0.592708 0.045667 0.093750
0 0.081967 0.927083 0.074941 0.137500
