1 0.670960 0.744792 0.079625 0.181250
1 0.692037 0.898958 0.117096 0.139583
1 0.817916 0.917708 0.129977 0.139583
1 0.632319 0.954167 0.098361 0.091667
1 0.620609 0.622917 0.067916 0.104167
1 0.855386 0.694792 0.064403 0.127083
1 0.923888 0.628125 0.074941 0.093750
1 0.843677 0.464583 0.040984 0.116667
1 0.945550 0.501042 0.055035 0.097917
1 0.313232 0.536458 0.038642 0.060417
1 0.128806 0.882292 0.032787 0.127083
1 0.067330 0.780208 0.031616 0.114583
1 0.084309 0.829167 0.030445 0.108333
0 0.517564 0.770833 0.077283 0.137500
0 0.816159 0.562500 0.056206 0.141667
0 0.663934 0.557292 0.063232 0.097917
0 0.293911 0.623958 0.030445 0.118750
0 0.419204 0.852083 0.098361 0.141667
0 0.318501 0.712500 0.025761 0.150000
0 0.346019 0.762500 0.050351 0.158333
0 0.622951 0.488542 0.049180 0.060417
0 0.663349 0.482292 0.052693 0.085417
0 0.744731 0.485417 0.060890 0.104167
0 0.430913 0.533333 0.025761 0.104167
0 0.250000 0.786458 0.059719 0.139583
0 0.526347 0.638542 0.057377 0.114583
0 0.788642 0.711458 0.090164 0.152083
0 0.909836 0.426042 0.044496 0.056250
0 0.877635 0.388542 0.029274 0.118750
0 0.953747 0.421875 0.062061 0.097917
0 0.231850 0.658333 0.035129 0.104167
0 0.120023 0.744792 0.045667 0.089583
1 0.124122 0.786458 0.037471 0.072917
