1 0.669204 0.745833 0.071429 0.179167
1 0.690281 0.895833 0.113583 0.141667
1 0.812646 0.918750 0.110070 0.137500
1 0.631148 0.953125 0.103044 0.093750
1 0.621194 0.620833 0.064403 0.104167
1 0.407494 0.457292 0.032787 0.060417
1 0.128806 0.871875 0.035129 0.110417
1 0.064403 0.777083 0.035129 0.091667
1 0.925059 0.628125 0.081967 0.097917
1 0.943794 0.506250 0.058548 0.091667
0 0.786300 0.682292 0.085480 0.106250
0 0.880562 0.383333 0.021077 0.104167
0 0.665105 0.562500 0.056206 0.087500
0 0.667447 0.482292 0.049180 0.068750
0 0.743560 0.481250 0.053864 0.083333
0 0.254684 0.790625 0.055035 0.147917
0 0.122951 0.783333 0.039813 0.091667
0 0.076698 0.915625 0.055035 0.147917
0 0.426230 0.535417 0.028103 0.079167
0 0.466042 0.567708 0.046838 0.085417
0 0.953747 0.414583 0.055035 0.083333
0 0.596604 0.362500 0.048009 0.041667
0 0.233021 0.652083 0.035129 0.108333
0 0.904567 0.429167 0.050351 0.062500
