0 0.664520 0.762500 0.078454 0.200000
0 0.700820 0.902083 0.113583 0.145833
0 0.629391 0.958333 0.101874 0.083333
0 0.670375 0.585417 0.052693 0.075000
0 0.074356 0.786458 0.036300 0.097917
0 0.069087 0.839583 0.035129 0.095833
0 0.122365 0.755208 0.038642 0.093750
0 0.841335 0.461458 0.036300 0.097917
1 0.525176 0.762500 0.083138 0.125000
1 0.628806 0.621875 0.065574 0.085417
1 0.415691 0.819792 0.107728 0.122917
1 0.666862 0.482292 0.045667 0.085417
1 0.746487 0.478125 0.059719 0.068750
1 0.250585 0.771875 0.056206 0.114583
1 0.205504 0.943750 0.076112 0.108333
1 0.801522 0.703125 0.078454 0.081250
1 0.833724 0.905208 0.138173 0.152083
1 0.930913 0.632292 0.067916 0.106250
1 0.805621 0.555208 0.039813 0.102083
1 0.862412 0.677083 0.078454 0.129167
1 0.874707 0.387500 0.025761 0.091667
1 0.960773 0.411458 0.055035 0.081250
1 0.909836 0.444792 0.042155 0.064583
1 0.486534 0.561458 0.036300 0.047917
1 0.305035 0.662500 0.040984 0.095833
1 0.347190 0.733333 0.033958 0.079167
1 0.493560 0.423958 0.048009 0.052083
1 0.548009 0.450000 0.053864 0.062500
1 0.066159 0.935417 0.057377 0.129167
