0 0.663349 0.762500 0.083138 0.200000
0 0.699063 0.898958 0.114754 0.143750
1 0.821429 0.897917 0.151054 0.166667
1 0.925644 0.625000 0.085480 0.116667
1 0.524590 0.762500 0.088993 0.116667
1 0.204918 0.939583 0.077283 0.095833
1 0.253513 0.757292 0.045667 0.131250
1 0.354801 0.754167 0.044496 0.120833
1 0.627049 0.615625 0.069087 0.093750
1 0.676815 0.573958 0.056206 0.102083
1 0.668618 0.482292 0.060890 0.085417
1 0.073185 0.795833 0.036300 0.116667
1 0.498829 0.425000 0.051522 0.054167
1 0.809719 0.555208 0.050351 0.102083
1 0.858314 0.666667 0.074941 0.116667
1 0.802693 0.690625 0.090164 0.093750
1 0.487119 0.560417 0.042155 0.062500
1 0.417447 0.773958 0.064403 0.089583
1 0.303864 0.657292 0.040984 0.093750
1 0.061475 0.926042 0.040984 0.139583
0 0.631733 0.959375 0.099532 0.081250
0 0.619438 0.358333 0.035129 0.045833
0 0.842506 0.456250 0.043326 0.108333
0 0.315574 0.534375 0.043326 0.047917
1 0.878220 0.387500 0.025761 0.091667
1 0.960187 0.414583 0.051522 0.079167
1 0.911593 0.442708 0.050351 0.068750
0 0.443208 0.448958 0.036300 0.052083
