0 0.518150 0.757292 0.083138 0.114583
0 0.668033 0.736458 0.078454 0.160417
0 0.692623 0.890625 0.111241 0.135417
0 0.816745 0.915625 0.127635 0.147917
0 0.656909 0.941667 0.105386 0.108333
0 0.414520 0.842708 0.093677 0.085417
0 0.615925 0.614583 0.067916 0.087500
0 0.665691 0.567708 0.057377 0.077083
0 0.924473 0.620833 0.090164 0.108333
0 0.877049 0.708333 0.091335 0.079167
0 0.895785 0.510417 0.049180 0.066667
0 0.943794 0.505208 0.058548 0.089583
0 0.123536 0.743750 0.040984 0.079167
0 0.122951 0.784375 0.037471 0.077083
0 0.130562 0.861458 0.040984 0.097917
0 0.540398 0.620833 0.055035 0.112500
0 0.443794 0.532292 0.030445 0.064583
0 0.502342 0.566667 0.044496 0.050000
0 0.062061 0.926042 0.053864 0.139583
1 0.389344 0.762500 0.092506 0.104167
1 0.245316 0.780208 0.071429 0.127083
1 0.742974 0.476042 0.055035 0.068750
1 0.823185 0.553125 0.065574 0.131250
1 0.791569 0.688542 0.081967 0.118750
1 0.669789 0.472917 0.053864 0.079167
1 0.905738 0.439583 0.040984 0.070833
1 0.873536 0.382292 0.030445 0.093750
1 0.957845 0.415625 0.056206 0.081250
1 0.287471 0.618750 0.022248 0.079167
1 0.323185 0.681250 0.028103 0.100000
1 0.225995 0.651042 0.051522 0.118750
0 0.539227 0.454167 0.033958 0.045833
0 0.612412 0.496875 0.044496 0.052083
0 0.614169 0.443750 0.036300 0.050000
1 0.200820 0.928125 0.078454 0.114583
0 0.608314 0.356250 0.033958 0.041667
0 0.665105 0.369792 0.035129 0.039583
