1 0.656909 0.761458 0.100703 0.197917
1 0.672131 0.919792 0.124122 0.152083
1 0.819087 0.885417 0.129977 0.158333
1 0.644614 0.617708 0.078454 0.097917
1 0.409251 0.803125 0.090164 0.106250
1 0.921546 0.638542 0.091335 0.110417
1 0.910422 0.439583 0.040984 0.083333
1 0.966628 0.425000 0.048009 0.083333
1 0.874122 0.400000 0.031616 0.095833
1 0.067330 0.787500 0.050351 0.129167
1 0.556206 0.430208 0.044496 0.072917
1 0.345433 0.729167 0.042155 0.125000
0 0.812061 0.565625 0.062061 0.139583
0 0.796253 0.701042 0.070258 0.143750
0 0.841335 0.665625 0.062061 0.131250
0 0.309133 0.617708 0.058548 0.077083
0 0.225410 0.669792 0.040984 0.110417
0 0.271077 0.828125 0.062061 0.152083
0 0.249415 0.741667 0.044496 0.112500
0 0.248244 0.688542 0.039813 0.110417
0 0.121194 0.732292 0.045667 0.072917
0 0.115925 0.791667 0.058548 0.058333
0 0.120609 0.828125 0.042155 0.068750
0 0.138759 0.909375 0.085480 0.110417
0 0.744145 0.472917 0.052693 0.062500
0 0.848946 0.471875 0.039813 0.093750
0 0.891101 0.505208 0.046838 0.064583
0 0.425644 0.435417 0.036300 0.050000
0 0.505855 0.631250 0.056206 0.070833
0 0.448478 0.581250 0.025761 0.054167
0 0.457260 0.525000 0.031616 0.062500
0 0.524590 0.446875 0.030445 0.035417
0 0.646956 0.476042 0.048009 0.068750
0 0.552108 0.666667 0.057377 0.158333
0 0.601874 0.456250 0.028103 0.050000
0 0.502342 0.421875 0.028103 0.047917
0 0.313232 0.560417 0.050351 0.095833
