1 0.525176 0.765625 0.083138 0.118750
1 0.286300 0.614583 0.015222 0.070833
1 0.410422 0.819792 0.108899 0.106250
1 0.353044 0.738542 0.045667 0.106250
1 0.626464 0.621875 0.067916 0.081250
1 0.831967 0.904167 0.141686 0.150000
1 0.926230 0.623958 0.077283 0.110417
1 0.801522 0.689583 0.078454 0.108333
1 0.480679 0.575000 0.036300 0.070833
1 0.529859 0.636458 0.066745 0.089583
1 0.206089 0.960417 0.079625 0.075000
1 0.070843 0.791667 0.036300 0.095833
1 0.225410 0.712500 0.033958 0.100000
0 0.227752 0.650000 0.040984 0.100000
0 0.252927 0.766667 0.046838 0.120833
0 0.671546 0.587500 0.045667 0.066667
0 0.664520 0.761458 0.078454 0.197917
0 0.700820 0.898958 0.113583 0.147917
0 0.631148 0.961458 0.098361 0.077083
0 0.320258 0.679167 0.024590 0.045833
0 0.840749 0.457292 0.039813 0.097917
0 0.122951 0.753125 0.039813 0.089583
1 0.961358 0.427083 0.046838 0.087500
1 0.743560 0.478125 0.053864 0.068750
1 0.669204 0.485417 0.050351 0.079167
1 0.065574 0.923958 0.051522 0.127083
1 0.907494 0.434375 0.044496 0.102083
1 0.875293 0.393750 0.022248 0.091667
1 0.494145 0.423958 0.044496 0.043750
0 0.453162 0.585417 0.037471 0.070833
0 0.442623 0.441667 0.037471 0.050000
0 0.582553 0.472917 0.031616 0.054167
0 0.617096 0.362500 0.044496 0.054167
1 0.404567 0.543750 0.043326 0.070833
