1 0.423888 0.562500 0.039813 0.070833
1 0.624707 0.626042 0.069087 0.093750
1 0.685597 0.585417 0.078454 0.100000
1 0.668618 0.753125 0.072600 0.177083
1 0.684426 0.894792 0.115925 0.160417
1 0.230679 0.658333 0.042155 0.112500
1 0.230679 0.722917 0.035129 0.075000
1 0.238290 0.788542 0.043326 0.122917
1 0.121194 0.748958 0.048009 0.072917
1 0.120609 0.791667 0.049180 0.087500
1 0.125293 0.879167 0.039813 0.116667
1 0.059133 0.800000 0.038642 0.120833
1 0.532201 0.667708 0.062061 0.143750
1 0.532787 0.445833 0.030445 0.062500
1 0.563817 0.454167 0.029274 0.062500
1 0.574941 0.472917 0.037471 0.050000
1 0.846604 0.463542 0.049180 0.118750
1 0.946721 0.504167 0.052693 0.091667
1 0.810890 0.683333 0.069087 0.087500
1 0.919204 0.625000 0.070258 0.116667
1 0.848946 0.676042 0.072600 0.122917
1 0.652225 0.369792 0.037471 0.052083
1 0.579625 0.423958 0.039813 0.052083
0 0.289813 0.592708 0.043326 0.122917
0 0.329625 0.609375 0.062061 0.181250
0 0.468970 0.526042 0.055035 0.143750
0 0.430328 0.487500 0.038642 0.112500
0 0.668033 0.476042 0.050351 0.110417
0 0.742974 0.467708 0.057377 0.114583
0 0.911007 0.428125 0.049180 0.097917
0 0.879977 0.382292 0.033958 0.118750
0 0.961944 0.397917 0.045667 0.133333
0 0.190281 0.953125 0.106557 0.093750
0 0.419204 0.817708 0.100703 0.106250
0 0.381148 0.752083 0.083138 0.116667
0 0.816745 0.572917 0.043326 0.137500
0 0.604801 0.353125 0.059719 0.064583
0 0.619438 0.475000 0.053864 0.112500
0 0.699649 0.376042 0.048009 0.081250
0 0.532787 0.572917 0.072600 0.137500
0 0.511124 0.776042 0.087822 0.127083
