1 0.622951 0.611458 0.065574 0.081250
1 0.684426 0.571875 0.057377 0.089583
1 0.738290 0.475000 0.045667 0.075000
1 0.843677 0.460417 0.043326 0.100000
1 0.666276 0.750000 0.074941 0.154167
1 0.682084 0.894792 0.104215 0.147917
1 0.423888 0.569792 0.032787 0.068750
1 0.236534 0.782292 0.039813 0.143750
1 0.577869 0.421875 0.038642 0.043750
1 0.409836 0.466667 0.030445 0.050000
1 0.939696 0.504167 0.052693 0.100000
1 0.532201 0.658333 0.055035 0.108333
1 0.128220 0.871875 0.033958 0.102083
1 0.063232 0.796875 0.037471 0.114583
0 0.292740 0.609375 0.037471 0.114583
0 0.317916 0.637500 0.052693 0.104167
0 0.377635 0.733333 0.076112 0.120833
0 0.452576 0.544792 0.029274 0.106250
0 0.483607 0.595833 0.044496 0.087500
0 0.816745 0.571875 0.036300 0.110417
0 0.857143 0.660417 0.065574 0.137500
0 0.706674 0.381250 0.040984 0.070833
0 0.642272 0.359375 0.033958 0.060417
0 0.607143 0.355208 0.038642 0.052083
0 0.217799 0.658333 0.056206 0.120833
0 0.117681 0.775000 0.045667 0.091667
0 0.164520 0.611458 0.052693 0.081250
0 0.521077 0.592708 0.049180 0.122917
0 0.620609 0.477083 0.051522 0.091667
0 0.669204 0.480208 0.064403 0.077083
0 0.512881 0.440625 0.051522 0.056250
1 0.464871 0.431250 0.042155 0.029167
0 0.829040 0.873958 0.098361 0.135417
0 0.187939 0.929167 0.122951 0.133333
0 0.508197 0.764583 0.086651 0.125000
0 0.915105 0.439583 0.055035 0.091667
0 0.890515 0.485417 0.057377 0.079167
0 0.957260 0.419792 0.055035 0.081250
0 0.427986 0.495833 0.033958 0.075000
