1 0.467213 0.434375 0.039813 0.031250
1 0.506440 0.444792 0.026932 0.039583
1 0.539813 0.459375 0.030445 0.035417
1 0.577283 0.471875 0.032787 0.052083
1 0.624707 0.489583 0.043326 0.062500
1 0.680913 0.571875 0.062061 0.081250
1 0.618852 0.615625 0.062061 0.102083
1 0.414520 0.472917 0.039813 0.070833
1 0.450820 0.516667 0.039813 0.054167
1 0.238876 0.776042 0.039813 0.131250
1 0.122365 0.750000 0.045667 0.075000
1 0.124707 0.788542 0.050351 0.077083
1 0.129977 0.883333 0.049180 0.120833
1 0.843677 0.463542 0.038642 0.106250
1 0.943208 0.508333 0.059719 0.087500
1 0.508197 0.558333 0.044496 0.066667
1 0.672717 0.753125 0.078454 0.160417
1 0.685597 0.894792 0.111241 0.147917
1 0.580211 0.420833 0.038642 0.045833
0 0.288056 0.607292 0.035129 0.097917
0 0.302693 0.625000 0.026932 0.133333
0 0.326112 0.669792 0.029274 0.139583
0 0.352459 0.744792 0.044496 0.131250
0 0.418033 0.811458 0.093677 0.118750
0 0.518150 0.644792 0.064403 0.077083
0 0.388173 0.527083 0.048009 0.062500
0 0.465457 0.587500 0.062061 0.058333
0 0.835480 0.870833 0.108899 0.154167
0 0.855972 0.651042 0.072600 0.085417
0 0.894028 0.512500 0.052693 0.095833
0 0.909251 0.434375 0.055035 0.060417
0 0.965457 0.416667 0.045667 0.083333
0 0.882904 0.386458 0.030445 0.110417
0 0.218970 0.672917 0.049180 0.091667
0 0.060890 0.780208 0.056206 0.127083
0 0.194379 0.952083 0.114754 0.095833
