0 0.421546 0.812500 0.091335 0.125000
0 0.372365 0.770833 0.058548 0.141667
0 0.330211 0.695833 0.046838 0.116667
0 0.294496 0.627083 0.050351 0.091667
0 0.519906 0.665625 0.051522 0.122917
0 0.742389 0.487500 0.065574 0.091667
0 0.670960 0.565625 0.051522 0.093750
0 0.667447 0.478125 0.053864 0.089583
0 0.621780 0.482292 0.051522 0.077083
0 0.855386 0.669792 0.066745 0.139583
0 0.908665 0.440625 0.044496 0.089583
0 0.524005 0.761458 0.064403 0.114583
0 0.121780 0.797917 0.056206 0.083333
0 0.063232 0.797917 0.053864 0.112500
1 0.616511 0.619792 0.062061 0.081250
1 0.665691 0.745833 0.062061 0.183333
1 0.687354 0.903125 0.107728 0.127083
1 0.609485 0.963542 0.106557 0.072917
1 0.812646 0.688542 0.077283 0.110417
1 0.843677 0.462500 0.043326 0.104167
1 0.943794 0.489583 0.058548 0.116667
1 0.575527 0.429167 0.038642 0.070833
1 0.208431 0.932292 0.088993 0.135417
1 0.124707 0.889583 0.033958 0.125000
