1 0.669789 0.743750 0.072600 0.170833
1 0.621194 0.612500 0.057377 0.100000
1 0.700820 0.885417 0.090164 0.112500
1 0.846604 0.472917 0.049180 0.125000
1 0.943208 0.513542 0.057377 0.118750
1 0.125293 0.878125 0.035129 0.110417
1 0.802108 0.688542 0.056206 0.093750
0 0.280445 0.652083 0.036300 0.137500
0 0.419789 0.862500 0.101874 0.154167
0 0.525176 0.797917 0.094848 0.200000
0 0.742974 0.504167 0.062061 0.129167
0 0.671546 0.481250 0.052693 0.091667
0 0.826698 0.894792 0.112412 0.206250
0 0.260539 0.817708 0.076112 0.172917
0 0.874122 0.379167 0.033958 0.091667
0 0.960773 0.410417 0.048009 0.075000
0 0.856557 0.642708 0.062061 0.081250
0 0.891686 0.503125 0.045667 0.081250
0 0.325527 0.729167 0.032787 0.141667
0 0.356557 0.782292 0.026932 0.139583
0 0.431499 0.533333 0.036300 0.104167
0 0.527518 0.670833 0.069087 0.162500
0 0.669204 0.573958 0.045667 0.118750
0 0.704918 0.377083 0.032787 0.041667
0 0.908665 0.425000 0.042155 0.058333
1 0.649883 0.372917 0.037471 0.045833
0 0.232436 0.650000 0.040984 0.120833
