0 0.219555 0.639583 0.066745 0.108333
0 0.118267 0.727083 0.051522 0.116667
0 0.188525 0.896875 0.100703 0.193750
0 0.535714 0.591667 0.069087 0.070833
0 0.467799 0.554167 0.040984 0.062500
0 0.433255 0.518750 0.032787 0.062500
0 0.671546 0.479167 0.057377 0.091667
0 0.738876 0.471875 0.051522 0.093750
0 0.515222 0.437500 0.049180 0.045833
0 0.854215 0.622917 0.069087 0.175000
0 0.899297 0.502083 0.060890 0.083333
0 0.627635 0.355208 0.030445 0.039583
0 0.713115 0.376042 0.032787 0.052083
0 0.624707 0.483333 0.043326 0.075000
0 0.913934 0.405208 0.052693 0.089583
0 0.880562 0.361458 0.035129 0.106250
0 0.968384 0.404167 0.030445 0.133333
1 0.316159 0.619792 0.060890 0.081250
1 0.340749 0.669792 0.058548 0.052083
1 0.364754 0.698958 0.069087 0.060417
1 0.423302 0.813542 0.099532 0.085417
1 0.504098 0.766667 0.080796 0.120833
1 0.230094 0.783333 0.059719 0.120833
1 0.228923 0.717708 0.052693 0.068750
1 0.125293 0.877083 0.049180 0.112500
1 0.120609 0.790625 0.039813 0.089583
0 0.157494 0.643750 0.052693 0.095833
1 0.623536 0.631250 0.071429 0.116667
1 0.686183 0.585417 0.063232 0.091667
1 0.666276 0.748958 0.074941 0.177083
1 0.688525 0.903125 0.103044 0.135417
1 0.808548 0.728125 0.059719 0.185417
1 0.840164 0.897917 0.108899 0.154167
1 0.324941 0.529167 0.052693 0.054167
1 0.846604 0.460417 0.053864 0.112500
1 0.926230 0.641667 0.067916 0.108333
1 0.813232 0.569792 0.036300 0.127083
1 0.609485 0.962500 0.113583 0.075000
1 0.392857 0.533333 0.031616 0.062500
1 0.423302 0.565625 0.036300 0.072917
1 0.409251 0.465625 0.038642 0.039583
1 0.465457 0.430208 0.045667 0.035417
1 0.056206 0.798958 0.049180 0.118750
1 0.580796 0.432292 0.039813 0.056250
1 0.564988 0.453125 0.031616 0.056250
1 0.578454 0.473958 0.032787 0.047917
