1 0.201991 0.937500 0.092506 0.125000
1 0.121780 0.886458 0.042155 0.139583
1 0.658080 0.736458 0.049180 0.164583
1 0.686183 0.898958 0.110070 0.139583
1 0.797424 0.684375 0.042155 0.089583
0 0.228923 0.655208 0.038642 0.093750
0 0.238876 0.785417 0.051522 0.141667
0 0.420960 0.813542 0.085480 0.106250
0 0.520492 0.686458 0.057377 0.147917
0 0.283372 0.615625 0.025761 0.093750
0 0.859485 0.676042 0.072600 0.114583
0 0.908665 0.434375 0.042155 0.072917
0 0.889930 0.501042 0.067916 0.093750
0 0.964286 0.395833 0.036300 0.133333
0 0.876464 0.378125 0.033958 0.118750
0 0.509368 0.428125 0.058548 0.060417
0 0.620023 0.483333 0.064403 0.066667
0 0.662763 0.556250 0.056206 0.100000
0 0.524005 0.753125 0.078454 0.131250
0 0.324356 0.700000 0.035129 0.120833
0 0.353044 0.754167 0.038642 0.108333
0 0.298595 0.645833 0.025761 0.108333
0 0.070258 0.801042 0.046838 0.127083
0 0.115340 0.770833 0.045667 0.116667
1 0.843091 0.464583 0.042155 0.108333
1 0.945550 0.509375 0.048009 0.089583
1 0.578454 0.428125 0.035129 0.064583
1 0.410422 0.478125 0.038642 0.060417
1 0.439696 0.512500 0.022248 0.045833
0 0.829625 0.870833 0.115925 0.183333
0 0.817916 0.560417 0.052693 0.145833
0 0.925644 0.626042 0.057377 0.106250
0 0.666276 0.469792 0.051522 0.089583
1 0.505269 0.553125 0.043326 0.060417
1 0.474239 0.525000 0.044496 0.054167
