1 0.658080 0.747917 0.063232 0.183333
1 0.624707 0.618750 0.062061 0.100000
1 0.576698 0.423958 0.036300 0.047917
1 0.846019 0.459375 0.043326 0.102083
1 0.940281 0.507292 0.049180 0.114583
1 0.700820 0.890625 0.090164 0.139583
0 0.668618 0.563542 0.046838 0.097917
0 0.815574 0.558333 0.038642 0.125000
0 0.925059 0.622917 0.058548 0.116667
0 0.958431 0.413542 0.052693 0.085417
0 0.896956 0.496875 0.065574 0.097917
0 0.867681 0.673958 0.046838 0.122917
0 0.436768 0.845833 0.105386 0.154167
0 0.519906 0.669792 0.074941 0.122917
0 0.279274 0.630208 0.040984 0.102083
0 0.357143 0.771875 0.049180 0.139583
0 0.122365 0.796875 0.055035 0.089583
0 0.225995 0.658333 0.051522 0.104167
1 0.068501 0.788542 0.045667 0.122917
1 0.511124 0.433333 0.036300 0.050000
1 0.416276 0.455208 0.048009 0.047917
0 0.737705 0.484375 0.046838 0.097917
0 0.670375 0.473958 0.052693 0.072917
0 0.549766 0.452083 0.029274 0.050000
0 0.584895 0.468750 0.033958 0.062500
0 0.523419 0.767708 0.063232 0.118750
0 0.823185 0.880208 0.117096 0.172917
0 0.653396 0.370833 0.039813 0.054167
1 0.874707 0.389583 0.025761 0.083333
