1 0.663934 0.750000 0.060890 0.179167
1 0.703747 0.907292 0.060890 0.147917
1 0.619438 0.620833 0.060890 0.095833
1 0.845433 0.458333 0.046838 0.125000
1 0.946136 0.508333 0.053864 0.075000
1 0.790398 0.686458 0.042155 0.097917
0 0.820258 0.570833 0.038642 0.133333
0 0.927400 0.618750 0.074941 0.129167
0 0.747658 0.473958 0.062061 0.085417
0 0.257611 0.781250 0.037471 0.150000
0 0.203747 0.934375 0.079625 0.122917
0 0.116511 0.786458 0.043326 0.064583
0 0.223068 0.631250 0.055035 0.091667
0 0.277518 0.619792 0.035129 0.139583
0 0.429157 0.832292 0.097190 0.139583
0 0.519906 0.762500 0.072600 0.125000
0 0.672131 0.562500 0.049180 0.116667
0 0.601874 0.352083 0.042155 0.050000
0 0.643443 0.367708 0.040984 0.047917
0 0.524590 0.397917 0.044496 0.054167
0 0.908665 0.429167 0.037471 0.091667
0 0.961358 0.405208 0.046838 0.102083
0 0.821429 0.870833 0.120609 0.154167
0 0.323185 0.706250 0.030445 0.116667
0 0.360656 0.775000 0.032787 0.145833
1 0.067916 0.786458 0.032787 0.131250
1 0.579040 0.420833 0.036300 0.045833
1 0.124707 0.881250 0.033958 0.133333
1 0.418033 0.452083 0.044496 0.066667
1 0.871780 0.391667 0.024590 0.083333
