1 0.666862 0.746875 0.052693 0.177083
1 0.686768 0.893750 0.113583 0.141667
1 0.798009 0.686458 0.064403 0.089583
1 0.622365 0.618750 0.055035 0.095833
1 0.576698 0.429167 0.036300 0.058333
1 0.845433 0.459375 0.046838 0.102083
1 0.942623 0.514583 0.049180 0.100000
0 0.240047 0.787500 0.039813 0.137500
0 0.926230 0.625000 0.063232 0.133333
0 0.817330 0.566667 0.042155 0.145833
0 0.672131 0.563542 0.042155 0.097917
0 0.419789 0.834375 0.108899 0.110417
0 0.283372 0.630208 0.030445 0.110417
0 0.308548 0.678125 0.024590 0.131250
0 0.364169 0.750000 0.053864 0.095833
0 0.535129 0.678125 0.030445 0.135417
0 0.506440 0.435417 0.057377 0.062500
0 0.618267 0.479167 0.060890 0.070833
0 0.740632 0.480208 0.050351 0.085417
0 0.663934 0.485417 0.051522 0.087500
0 0.958431 0.411458 0.050351 0.102083
0 0.905152 0.434375 0.053864 0.060417
0 0.887588 0.484375 0.056206 0.089583
1 0.419789 0.455208 0.040984 0.047917
1 0.227752 0.700000 0.033958 0.100000
1 0.124707 0.858333 0.026932 0.075000
0 0.817916 0.883333 0.113583 0.183333
