0 0.743560 0.478125 0.053864 0.093750
0 0.811475 0.873958 0.117096 0.160417
0 0.817916 0.566667 0.036300 0.129167
0 0.920375 0.634375 0.067916 0.139583
0 0.877049 0.392708 0.023419 0.110417
0 0.963115 0.428125 0.048009 0.102083
0 0.670960 0.557292 0.046838 0.114583
0 0.545667 0.454167 0.037471 0.058333
0 0.580211 0.464583 0.038642 0.054167
0 0.233021 0.653125 0.053864 0.118750
0 0.118852 0.782292 0.045667 0.093750
0 0.282201 0.608333 0.032787 0.112500
0 0.324356 0.703125 0.035129 0.122917
0 0.396956 0.840625 0.079625 0.122917
0 0.912178 0.443750 0.039813 0.091667
1 0.666862 0.738542 0.064403 0.152083
1 0.683841 0.886458 0.110070 0.118750
1 0.519321 0.414583 0.017564 0.066667
1 0.201405 0.930208 0.086651 0.122917
1 0.620023 0.623958 0.052693 0.118750
1 0.850117 0.462500 0.051522 0.116667
1 0.942037 0.508333 0.050351 0.095833
0 0.248244 0.781250 0.044496 0.141667
1 0.126464 0.879167 0.030445 0.112500
1 0.071429 0.786458 0.039813 0.122917
1 0.575527 0.415625 0.036300 0.035417
0 0.668033 0.468750 0.052693 0.070833
