1 0.669204 0.751042 0.064403 0.185417
1 0.691452 0.897917 0.111241 0.137500
1 0.808548 0.705208 0.076112 0.102083
1 0.848361 0.464583 0.043326 0.129167
1 0.944379 0.527083 0.059719 0.145833
1 0.827869 0.579167 0.063232 0.150000
1 0.916276 0.656250 0.064403 0.162500
1 0.618852 0.645833 0.071429 0.158333
1 0.892857 0.509375 0.052693 0.089583
0 0.251171 0.804167 0.048009 0.162500
1 0.127049 0.895833 0.036300 0.133333
0 0.200820 0.938542 0.085480 0.122917
0 0.674473 0.585417 0.042155 0.150000
0 0.747073 0.511458 0.056206 0.135417
0 0.907494 0.437500 0.044496 0.087500
0 0.957845 0.433333 0.053864 0.112500
0 0.878220 0.394792 0.028103 0.118750
0 0.228923 0.664583 0.038642 0.125000
0 0.282787 0.657292 0.043326 0.127083
0 0.419204 0.858333 0.100703 0.158333
0 0.525761 0.804167 0.093677 0.216667
0 0.529859 0.668750 0.064403 0.166667
0 0.321429 0.711458 0.029274 0.122917
0 0.357728 0.763542 0.038642 0.131250
0 0.834309 0.894792 0.127635 0.210417
0 0.633489 0.487500 0.053864 0.070833
0 0.517564 0.556250 0.049180 0.062500
0 0.070258 0.830208 0.051522 0.156250
1 0.119438 0.744792 0.037471 0.068750
1 0.120609 0.795833 0.035129 0.079167
1 0.417447 0.460417 0.036300 0.054167
0 0.573185 0.460417 0.059719 0.070833
0 0.670375 0.475000 0.043326 0.083333
0 0.706674 0.384375 0.045667 0.056250
