1 0.666276 0.745833 0.072600 0.179167
1 0.691452 0.901042 0.111241 0.152083
1 0.820258 0.919792 0.118267 0.152083
1 0.823770 0.767708 0.080796 0.181250
1 0.825527 0.575000 0.060890 0.145833
1 0.853044 0.682292 0.064403 0.127083
1 0.920375 0.638542 0.070258 0.135417
0 0.280445 0.655208 0.040984 0.139583
1 0.137588 0.901042 0.062061 0.160417
1 0.114754 0.785417 0.028103 0.070833
1 0.110656 0.733333 0.026932 0.050000
1 0.892272 0.502083 0.058548 0.070833
1 0.944965 0.510417 0.053864 0.108333
1 0.846604 0.468750 0.044496 0.095833
1 0.622365 0.628125 0.062061 0.122917
0 0.672131 0.583333 0.044496 0.137500
0 0.417447 0.861458 0.106557 0.160417
0 0.524590 0.802083 0.096019 0.204167
0 0.233021 0.651042 0.049180 0.122917
0 0.254684 0.782292 0.055035 0.147917
0 0.326698 0.734375 0.030445 0.118750
0 0.354801 0.770833 0.025761 0.133333
0 0.908665 0.438542 0.042155 0.072917
0 0.960187 0.421875 0.051522 0.089583
0 0.877049 0.391667 0.028103 0.100000
0 0.070843 0.843750 0.040984 0.116667
0 0.519321 0.673958 0.050351 0.114583
0 0.624122 0.489583 0.056206 0.062500
0 0.451991 0.554167 0.021077 0.095833
0 0.208431 0.948958 0.091335 0.102083
0 0.667447 0.470833 0.046838 0.087500
1 0.321429 0.527083 0.038642 0.045833
1 0.679157 0.359375 0.025761 0.060417
