1 0.316159 0.619792 0.065574 0.072917
1 0.338993 0.666667 0.057377 0.062500
1 0.368267 0.706250 0.066745 0.058333
1 0.234192 0.789583 0.049180 0.129167
1 0.118852 0.787500 0.048009 0.083333
1 0.120023 0.742708 0.045667 0.077083
1 0.132319 0.896875 0.046838 0.147917
0 0.219555 0.659375 0.066745 0.118750
0 0.379391 0.746875 0.070258 0.081250
0 0.467213 0.510417 0.046838 0.150000
0 0.485363 0.598958 0.038642 0.093750
1 0.424473 0.565625 0.036300 0.060417
1 0.392857 0.537500 0.033958 0.062500
1 0.325527 0.529167 0.044496 0.062500
1 0.425059 0.822917 0.103044 0.116667
0 0.194379 0.942708 0.107728 0.114583
1 0.670375 0.745833 0.085480 0.166667
1 0.687939 0.903125 0.115925 0.156250
1 0.805621 0.728125 0.070258 0.177083
1 0.823185 0.578125 0.058548 0.122917
1 0.922131 0.632292 0.062061 0.122917
0 0.841335 0.882292 0.118267 0.160417
1 0.620609 0.621875 0.060890 0.089583
1 0.682670 0.578125 0.063232 0.081250
0 0.515808 0.426042 0.052693 0.081250
0 0.625293 0.483333 0.044496 0.083333
1 0.579040 0.477083 0.031616 0.045833
1 0.564403 0.455208 0.025761 0.064583
0 0.669204 0.473958 0.050351 0.102083
0 0.742974 0.459375 0.052693 0.122917
1 0.579625 0.427083 0.042155 0.062500
0 0.617096 0.360417 0.042155 0.062500
1 0.656909 0.376042 0.030445 0.043750
0 0.702576 0.382292 0.039813 0.064583
0 0.891686 0.517708 0.059719 0.122917
0 0.912178 0.425000 0.049180 0.125000
0 0.965457 0.397917 0.048009 0.179167
0 0.885246 0.360417 0.046838 0.129167
0 0.532787 0.568750 0.063232 0.137500
0 0.433841 0.497917 0.036300 0.133333
1 0.413934 0.478125 0.040984 0.077083
1 0.061475 0.800000 0.055035 0.108333
1 0.463115 0.429167 0.043326 0.041667
