1 0.670960 0.741667 0.079625 0.158333
1 0.691452 0.902083 0.115925 0.145833
1 0.817330 0.919792 0.119438 0.135417
1 0.876464 0.707292 0.087822 0.089583
1 0.923888 0.626042 0.081967 0.114583
1 0.634075 0.946875 0.092506 0.106250
1 0.258197 0.778125 0.048009 0.135417
1 0.233021 0.657292 0.044496 0.102083
1 0.230094 0.704167 0.036300 0.112500
1 0.121194 0.787500 0.038642 0.079167
1 0.129391 0.861458 0.036300 0.089583
1 0.069087 0.836458 0.042155 0.102083
1 0.062061 0.791667 0.028103 0.116667
1 0.317330 0.538542 0.046838 0.052083
1 0.520492 0.764583 0.073770 0.108333
1 0.615925 0.616667 0.063232 0.095833
1 0.834309 0.435417 0.019906 0.062500
1 0.944965 0.504167 0.053864 0.091667
1 0.610070 0.359375 0.030445 0.035417
1 0.062061 0.935417 0.046838 0.129167
0 0.820843 0.568750 0.049180 0.150000
0 0.909251 0.453125 0.040984 0.081250
0 0.878220 0.393750 0.028103 0.108333
0 0.959016 0.421875 0.053864 0.077083
0 0.668033 0.562500 0.055035 0.100000
0 0.790984 0.693750 0.080796 0.116667
0 0.298595 0.622917 0.039813 0.087500
0 0.468384 0.551042 0.046838 0.043750
0 0.743560 0.479167 0.053864 0.075000
0 0.668618 0.483333 0.046838 0.045833
0 0.430328 0.462500 0.043326 0.045833
0 0.573770 0.467708 0.053864 0.052083
