1 0.518150 0.758333 0.078454 0.125000
1 0.668618 0.741667 0.077283 0.175000
1 0.692037 0.902083 0.112412 0.150000
1 0.634075 0.946875 0.094848 0.106250
1 0.817330 0.919792 0.114754 0.135417
1 0.873536 0.708333 0.088993 0.087500
1 0.926815 0.625000 0.076112 0.095833
1 0.894614 0.513542 0.051522 0.077083
1 0.411593 0.852083 0.094848 0.104167
1 0.258782 0.780208 0.049180 0.139583
1 0.064988 0.790625 0.036300 0.118750
1 0.063232 0.843750 0.032787 0.116667
1 0.122365 0.742708 0.048009 0.077083
1 0.124122 0.789583 0.044496 0.079167
1 0.132904 0.871875 0.033958 0.114583
1 0.231850 0.706250 0.028103 0.108333
1 0.517564 0.671875 0.060890 0.135417
1 0.617096 0.611458 0.067916 0.102083
1 0.544496 0.601042 0.072600 0.093750
1 0.667447 0.375000 0.032787 0.037500
1 0.946721 0.508333 0.052693 0.087500
0 0.206089 0.932292 0.081967 0.114583
0 0.389930 0.750000 0.077283 0.091667
0 0.465457 0.554167 0.048009 0.066667
0 0.664520 0.554167 0.064403 0.100000
0 0.789813 0.697917 0.078454 0.120833
0 0.817330 0.562500 0.060890 0.133333
0 0.906909 0.444792 0.045667 0.081250
0 0.231265 0.660417 0.038642 0.108333
0 0.080796 0.922917 0.051522 0.133333
0 0.743560 0.479167 0.056206 0.079167
0 0.667447 0.472917 0.049180 0.058333
0 0.380562 0.522917 0.025761 0.054167
1 0.403981 0.553125 0.032787 0.056250
0 0.429157 0.460417 0.040984 0.050000
0 0.428571 0.539583 0.028103 0.079167
0 0.631148 0.491667 0.056206 0.062500
0 0.874122 0.386458 0.029274 0.102083
0 0.960773 0.415625 0.048009 0.089583
