0 0.219555 0.646875 0.066745 0.106250
0 0.159251 0.621875 0.063232 0.072917
0 0.292740 0.589583 0.051522 0.125000
0 0.316159 0.589583 0.051522 0.141667
0 0.512295 0.418750 0.055035 0.091667
0 0.625293 0.470833 0.049180 0.095833
0 0.741218 0.444792 0.060890 0.139583
0 0.634075 0.356250 0.033958 0.066667
0 0.607728 0.350000 0.042155 0.066667
0 0.439110 0.496875 0.032787 0.147917
0 0.471897 0.517708 0.058548 0.147917
0 0.911007 0.410417 0.046838 0.150000
0 0.824356 0.571875 0.065574 0.147917
1 0.846019 0.464583 0.055035 0.108333
1 0.944965 0.497917 0.063232 0.104167
1 0.919204 0.631250 0.074941 0.120833
1 0.810304 0.710417 0.074941 0.145833
1 0.666862 0.743750 0.073770 0.166667
1 0.687939 0.891667 0.125293 0.145833
0 0.834309 0.890625 0.122951 0.152083
1 0.684426 0.578125 0.064403 0.093750
1 0.620023 0.630208 0.064403 0.127083
0 0.533958 0.587500 0.074941 0.158333
1 0.415691 0.476042 0.035129 0.077083
1 0.659251 0.373958 0.042155 0.052083
0 0.709602 0.373958 0.049180 0.072917
1 0.120609 0.746875 0.051522 0.081250
1 0.122951 0.792708 0.051522 0.093750
1 0.057963 0.795833 0.048009 0.116667
1 0.233021 0.783333 0.056206 0.129167
1 0.124707 0.869792 0.040984 0.102083
0 0.189696 0.897917 0.117096 0.204167
1 0.567916 0.460417 0.035129 0.075000
1 0.582553 0.430208 0.043326 0.064583
1 0.464871 0.420833 0.035129 0.054167
