1 0.665105 0.743750 0.084309 0.191667
1 0.517564 0.759375 0.077283 0.118750
1 0.651054 0.950000 0.098361 0.100000
1 0.692037 0.885417 0.112412 0.129167
1 0.816159 0.921875 0.114754 0.127083
1 0.413349 0.845833 0.096019 0.083333
1 0.622951 0.614583 0.060890 0.091667
1 0.668033 0.566667 0.052693 0.087500
1 0.924473 0.631250 0.080796 0.095833
1 0.876464 0.710417 0.087822 0.083333
1 0.128806 0.866667 0.028103 0.104167
1 0.122951 0.793750 0.039813 0.083333
1 0.124122 0.744792 0.035129 0.081250
1 0.546838 0.603125 0.072600 0.081250
1 0.520492 0.659375 0.045667 0.110417
1 0.945550 0.503125 0.057377 0.081250
1 0.846019 0.461458 0.036300 0.106250
1 0.895785 0.512500 0.051522 0.070833
0 0.795082 0.691667 0.072600 0.116667
0 0.741803 0.480208 0.052693 0.064583
0 0.255269 0.780208 0.046838 0.127083
0 0.234778 0.662500 0.038642 0.104167
0 0.875293 0.401042 0.022248 0.077083
0 0.908080 0.441667 0.045667 0.066667
0 0.957845 0.430208 0.046838 0.068750
0 0.466042 0.552083 0.044496 0.062500
0 0.283372 0.592708 0.018735 0.052083
0 0.385831 0.753125 0.080796 0.081250
0 0.814988 0.565625 0.056206 0.131250
0 0.669204 0.472917 0.040984 0.070833
0 0.425644 0.525000 0.033958 0.062500
0 0.301522 0.629167 0.026932 0.100000
0 0.064988 0.790625 0.036300 0.110417
0 0.334309 0.717708 0.029274 0.118750
0 0.697892 0.384375 0.042155 0.047917
0 0.430328 0.463542 0.045667 0.035417
0 0.200234 0.933333 0.077283 0.108333
