1 0.529274 0.767708 0.079625 0.127083
1 0.244731 0.772917 0.049180 0.129167
1 0.124122 0.755208 0.042155 0.097917
1 0.742974 0.481250 0.055035 0.075000
1 0.831382 0.886458 0.138173 0.181250
1 0.411593 0.821875 0.106557 0.118750
1 0.629391 0.620833 0.062061 0.075000
1 0.804450 0.551042 0.035129 0.089583
1 0.934426 0.621875 0.063232 0.110417
1 0.911007 0.448958 0.039813 0.081250
1 0.961358 0.422917 0.051522 0.070833
1 0.873536 0.394792 0.018735 0.097917
1 0.670375 0.489583 0.050351 0.079167
1 0.487119 0.577083 0.042155 0.062500
1 0.351288 0.743750 0.042155 0.062500
1 0.283958 0.600000 0.024590 0.075000
1 0.614754 0.481250 0.056206 0.062500
1 0.069087 0.793750 0.035129 0.100000
1 0.304450 0.637500 0.025761 0.070833
1 0.854215 0.678125 0.087822 0.139583
0 0.665691 0.763542 0.087822 0.189583
0 0.700820 0.898958 0.115925 0.139583
0 0.629977 0.960417 0.100703 0.079167
0 0.670375 0.579167 0.050351 0.075000
0 0.846019 0.450000 0.036300 0.079167
0 0.231850 0.655208 0.037471 0.089583
1 0.062061 0.928125 0.049180 0.114583
1 0.796253 0.697917 0.074941 0.104167
