1 0.518735 0.757292 0.079625 0.122917
1 0.665691 0.746875 0.076112 0.177083
1 0.690281 0.893750 0.113583 0.116667
1 0.818501 0.915625 0.128806 0.131250
1 0.872951 0.709375 0.094848 0.093750
1 0.924473 0.627083 0.080796 0.112500
1 0.894614 0.512500 0.046838 0.075000
1 0.845433 0.463542 0.049180 0.114583
1 0.945550 0.502083 0.055035 0.095833
1 0.256440 0.781250 0.056206 0.129167
1 0.228923 0.704167 0.033958 0.120833
1 0.126464 0.867708 0.035129 0.093750
1 0.621194 0.446875 0.045667 0.056250
1 0.651639 0.957292 0.104215 0.085417
0 0.907494 0.453125 0.044496 0.068750
0 0.877049 0.380208 0.025761 0.118750
0 0.957260 0.421875 0.055035 0.089583
0 0.466042 0.548958 0.046838 0.056250
0 0.789227 0.687500 0.084309 0.100000
0 0.202576 0.927083 0.072600 0.108333
0 0.744731 0.473958 0.051522 0.106250
0 0.665105 0.477083 0.046838 0.075000
1 0.121780 0.785417 0.032787 0.070833
1 0.123536 0.746875 0.038642 0.081250
1 0.552108 0.608333 0.078454 0.100000
1 0.374122 0.525000 0.033958 0.058333
