1 0.234778 0.786458 0.057377 0.135417
1 0.422717 0.563542 0.035129 0.064583
1 0.667447 0.742708 0.072600 0.197917
1 0.686768 0.900000 0.111241 0.137500
1 0.810890 0.676042 0.071429 0.077083
1 0.846604 0.676042 0.067916 0.118750
1 0.925644 0.623958 0.071429 0.102083
1 0.847775 0.465625 0.044496 0.110417
1 0.894614 0.507292 0.053864 0.085417
1 0.945550 0.503125 0.057377 0.085417
1 0.566159 0.456250 0.031616 0.058333
1 0.538642 0.417708 0.042155 0.052083
1 0.061475 0.797917 0.043326 0.120833
1 0.065574 0.882292 0.049180 0.127083
0 0.292740 0.585417 0.039813 0.141667
0 0.320843 0.602083 0.051522 0.158333
0 0.357143 0.725000 0.070258 0.141667
0 0.435597 0.490625 0.035129 0.143750
0 0.466628 0.516667 0.052693 0.150000
0 0.507026 0.417708 0.058548 0.089583
0 0.617096 0.476042 0.053864 0.097917
0 0.742974 0.446875 0.048009 0.143750
0 0.641101 0.356250 0.045667 0.066667
0 0.710773 0.368750 0.056206 0.075000
0 0.911007 0.417708 0.042155 0.127083
1 0.673302 0.356250 0.039813 0.054167
0 0.529859 0.561458 0.057377 0.127083
0 0.827869 0.855208 0.114754 0.197917
0 0.426230 0.827083 0.105386 0.108333
0 0.507026 0.758333 0.081967 0.120833
1 0.528103 0.676042 0.053864 0.135417
1 0.686183 0.567708 0.070258 0.097917
1 0.627049 0.614583 0.052693 0.100000
1 0.577869 0.426042 0.048009 0.056250
0 0.118852 0.765625 0.059719 0.114583
1 0.131148 0.880208 0.042155 0.127083
