1 0.672131 0.744792 0.081967 0.177083
1 0.683841 0.894792 0.117096 0.147917
1 0.623536 0.620833 0.064403 0.091667
1 0.680328 0.571875 0.067916 0.102083
1 0.423888 0.567708 0.037471 0.072917
1 0.526347 0.669792 0.059719 0.131250
1 0.235363 0.780208 0.039813 0.135417
1 0.578454 0.428125 0.035129 0.047917
1 0.564988 0.454167 0.038642 0.062500
1 0.842506 0.458333 0.043326 0.108333
1 0.944379 0.498958 0.052693 0.089583
1 0.406909 0.472917 0.031616 0.066667
1 0.124122 0.873958 0.037471 0.097917
1 0.812061 0.672917 0.071429 0.083333
1 0.847190 0.677083 0.073770 0.125000
0 0.514637 0.428125 0.055035 0.085417
0 0.744731 0.458333 0.051522 0.095833
0 0.615925 0.356250 0.035129 0.058333
0 0.645199 0.357292 0.035129 0.060417
0 0.704918 0.380208 0.049180 0.072917
0 0.621780 0.493750 0.060890 0.079167
0 0.285714 0.610417 0.037471 0.108333
0 0.306792 0.638542 0.035129 0.102083
0 0.349532 0.747917 0.045667 0.112500
0 0.461944 0.547917 0.040984 0.087500
0 0.428571 0.514583 0.037471 0.075000
0 0.816159 0.563542 0.039813 0.110417
0 0.919789 0.622917 0.073770 0.100000
0 0.521663 0.586458 0.059719 0.081250
0 0.508782 0.776042 0.076112 0.106250
0 0.400468 0.805208 0.074941 0.114583
0 0.228337 0.657292 0.058548 0.102083
0 0.120023 0.763542 0.050351 0.093750
0 0.891686 0.498958 0.057377 0.081250
0 0.906909 0.430208 0.059719 0.068750
0 0.964871 0.407292 0.046838 0.106250
0 0.875878 0.390625 0.035129 0.106250
